Data1 Data2 Data3
1.883480647000000063e+00 3.875117570000000011e+00 4.046193289999999720e+00
1.312959071999999949e+00 3.367212639999999979e+00 4.771775201000000521e+00
2.589253863999999794e+00 3.866412239999999834e+00 3.418179818000000036e+00
1.641472765999999917e+00 3.755194212999999781e+00 4.572647426999999709e+00
2.422465000999999951e+00 4.147751141999999724e+00 3.782856901999999799e+00
1.494561886999999922e+00 3.642329215000000175e+00 4.558895204999999784e+00
1.510371724999999943e+00 4.684419651000000684e+00 3.627637711000000209e+00
1.746669854000000077e+00 4.176616828000000226e+00 3.165181226000000070e+00
1.282184164000000015e+00 4.098618057000000370e+00 3.413674424999999957e+00
2.099894439999999918e+00 3.458423206000000416e+00 3.495301995000000161e+00
2.919380932999999789e+00 7.507233089999999498e-01 4.248369888000000039e+00
1.706533088999999892e+00 1.438539295999999856e+00 3.031813177000000081e+00
1.439288343999999942e+00 7.695564659999999391e-01 2.608861671000000104e+00
1.526917622999999891e+00 8.007214209999999888e-01 3.416807989000000045e+00
2.921774067999999946e+00 1.098448907999999946e+00 3.008453866000000421e+00
2.372428220999999837e+00 1.298791314000000030e+00 2.523080227999999980e+00
2.013716377999999807e+00 9.084542890000000259e-01 2.911935138000000034e+00
2.644137147999999993e+00 1.522509131999999932e+00 2.783507438000000000e+00
2.025778793000000189e+00 1.152399924000000020e+00 3.089659621000000023e+00
1.848756389999999916e+00 1.131718824000000012e+00 3.226585986999999989e+00
2.179125097000000011e+00 1.671594779000000086e+00 2.914793972000000011e+00
2.108230210999999965e+00 1.019140205000000021e+00 3.787144226000000113e+00
2.803608461000000052e+00 6.108789399999999814e-01 2.964883067999999788e+00
1.593004609000000071e+00 1.397797898000000094e+00 2.636090162999999986e+00
2.078913555999999829e+00 1.502221805000000021e+00 2.413441413000000146e+00
1.810871165000000005e+00 1.570411035999999871e+00 3.212593977000000045e+00
2.315709306000000023e+00 3.751268733999999938e+00 2.650123847999999782e+00
2.121808033000000204e+00 3.128054922000000015e+00 2.603899798000000043e+00
1.854708290000000037e+00 3.618590350999999927e+00 3.267325640999999781e+00
1.983046896000000059e+00 3.698338326000000009e+00 2.814138035000000038e+00
1.599856181000000044e+00 3.864092009000000161e+00 3.080804493000000033e+00
2.177428701999999827e+00 4.327266958000000052e+00 2.687619032999999824e+00
2.593849710999999836e+00 4.394073464999999956e+00 2.563807623999999841e+00
2.368770233999999864e+00 3.964918396999999928e+00 3.367828503999999779e+00
4.193770343999999817e+00 3.906641122999999993e+00 3.509088028000000303e+00
3.395131495000000221e+00 4.127402200000000576e+00 3.353576894999999780e+00
3.820004525999999956e+00 3.136699421999999959e+00 2.609165581000000067e+00
4.496002548999999959e+00 4.244502952000000384e+00 3.370166343999999814e+00
3.290231928999999944e+00 3.835527529999999796e+00 2.591376062999999785e+00
3.717616911999999996e+00 3.036501878999999793e+00 2.403542808000000086e+00
4.038853925999999817e+00 2.981660585000000196e+00 2.872467551000000174e+00
4.017371740999999830e+00 4.234670774999999665e+00 2.965145114999999887e+00
4.356433763000000070e+00 2.462437480000000178e+00 2.663195099999999815e+00
5.022234583000000363e+00 2.507857011000000025e+00 3.037823690999999826e+00
4.659462896999999160e+00 5.431858569999999942e-01 2.731557673999999825e+00
4.301618302999999699e+00 2.066914888999999977e+00 3.389977523999999853e+00
4.421849527000000002e+00 -6.419000599999999390e-02 3.184685932999999913e+00
1.747231600999999968e+00 1.010621734000000105e+00 2.470571291999999808e+00
9.066192410000000201e-01 1.612893640000000017e+00 3.462211437000000114e+00
2.376486409999999938e-01 2.809559315000000002e+00 4.812294338000000060e+00
4.365144490000000266e-01 3.053074805000000058e+00 2.942575966000000154e+00
1.253612141999999929e+00 2.773660377000000121e+00 4.205881083000000409e+00
1.291084724000000072e+00 3.277663632999999965e+00 4.461353627000000266e+00
-7.373305400000000620e-02 2.966320501999999859e+00 3.841513191999999854e+00
3.207583649999999897e-01 3.692199280000000083e+00 4.490681269999999614e+00
1.815525060000000024e-01 3.452016217999999803e+00 3.242462703000000168e+00
5.777194190000000118e-01 2.251128984000000166e+00 4.047980917000000289e+00
1.034030380000000027e-01 1.700333160999999871e+00 3.358561649999999954e+00
7.405752230000000047e-01 3.102810296000000356e+00 4.503567346999999721e+00
7.199533340000000559e-01 3.149377423999999870e+00 4.462910289999999947e+00
1.440563969000000055e+00 2.337203861999999965e+00 4.222111740999999974e+00
1.235801369000000038e+00 2.366226891999999804e+00 4.069550969999999879e+00
1.626243719000000088e+00 3.309222288999999595e+00 3.800939232999999806e+00
1.616081343999999920e+00 2.480778986999999880e+00 4.511134251000000539e+00
1.491145538999999909e+00 2.142934318000000005e+00 4.585017446000000163e+00
7.592110300000000089e-01 2.919437794999999891e+00 4.510062444999999975e+00
9.041070780000000084e-01 2.599242800999999936e+00 2.945660290999999820e+00
6.085553370000000850e-01 3.793804182000000136e+00 5.457042052000000254e+00
6.469419199999999481e-01 2.551039091999999897e+00 3.738369528000000219e+00
1.131455380000000038e-01 3.392569920000000128e+00 4.832137375000001178e+00
1.224364932000000072e+00 3.011505254999999881e+00 3.981436258000000006e+00
9.845242739999999770e-01 2.927460796000000087e+00 3.912788309999999825e+00
1.070007914000000060e+00 2.396010824000000206e+00 4.311133696000000626e+00
9.962316350000002263e-01 2.855509388999999842e+00 3.479908104999999807e+00
8.828633879999998602e-01 3.240942728999999911e+00 3.901020704000000006e+00
1.292806416999999986e+00 2.661808197000000042e+00 4.285150684000000432e+00
1.639972589000000092e+00 1.655116056999999863e+00 4.334211788000000176e+00
1.649662552999999976e+00 9.377933020000002173e-01 5.499125752999999506e+00
9.773687470000002042e-01 1.748915380999999991e+00 4.211360817000000090e+00
7.437549259999999274e-01 7.078586340000000421e-01 3.674389102000000129e+00
2.316968319999999915e-01 1.125488164000000069e+00 5.043863874000000358e+00
2.548613585000000015e+00 5.268855199999999961e-02 4.252249817000000043e+00
2.666111706000000137e+00 9.209433620000000431e-01 4.066308109999999587e+00
3.344627298999999887e+00 1.350120940000000269e-01 4.724327478999999386e+00
3.202452515000000055e+00 1.111542591999999940e+00 3.913727957999999951e+00
3.476431525999999828e+00 2.061369549000000134e+00 3.748880429000000181e+00
4.292737240000000121e+00 1.612980244999999924e+00 3.780696381999999911e+00
3.660671425999999951e+00 1.746580346000000006e+00 1.457069240999999904e+00
3.899497359999999802e+00 7.642445879999999470e-01 1.565420135999999962e+00
3.133377620000000086e+00 8.900982120000000553e-01 1.303384716999999915e+00
3.377035486000000031e+00 1.866525264999999933e+00 2.016922665000000059e+00
2.376520288000000036e+00 3.156380730000000190e-01 7.987237339999999630e-01
4.231539886000000195e+00 7.372709549999999501e-01 1.126851665000000002e+00
4.827315119999999737e-01 1.448018934000000035e+00 9.089806470000000305e-01
9.821770239999999541e-01 1.010655949999999942e-01 4.838807960000000019e-01
1.174986780000000008e+00 6.401265059999999840e-01 1.783314005999999896e+00
1.634196940000000042e+00 1.040566416999999966e+00 8.879620299999998467e-01
1.217566195999999934e+00 5.846059740000000282e-01 5.930318650000000469e-01
1.258266522000000220e+00 5.550062190000000228e-01 4.164853250000000173e-01
6.727699369999999846e-01 -1.695330989999999927e-01 2.160045758000000315e+00
1.168351912000000103e+00 4.798980400000000257e-01 1.580341712999999926e+00
1.004409099999999944e+00 4.242585442000000207e+00 7.551666139999999583e-01
1.584844541999999912e+00 4.148156564999999851e+00 1.477936581999999888e+00
7.464235199999998127e-02 4.438751375999999915e+00 9.403228169999997554e-01
1.109181132999999875e+00 4.341275773999999643e+00 3.857505849999999792e-01
7.722278830000000038e-01 4.361659966999999583e+00 2.099093320000000040e-01
1.421779541000000036e+00 3.694017876999999839e+00 9.070878980000000036e-01
7.366197349999999977e-01 4.183222852000000103e+00 7.910930409999999968e-01
1.959703552999999987e+00 3.486981877999999924e+00 7.311981850000000005e-01
2.720065839999999957e-01 3.407846876999999886e+00 1.839284530999999889e+00
8.525710159999998483e-01 4.206290867999999961e+00 6.960404929999999268e-01
3.972890029999999739e-01 3.336459505000000103e+00 7.765748799999998564e-01
1.168427257999999913e+00 4.230139417000000179e+00 1.050842928000000009e+00
1.567898709999999918e+00 4.246520989999999607e+00 1.602238330999999905e+00
6.718611459999999092e-01 3.192442594000000078e+00 1.735119341999999953e+00
8.499175850000000310e-01 4.152000982999999756e+00 8.737871889999999642e-01
1.687694985000000036e+00 4.524465528000000347e+00 5.866506630000000166e-01
1.904548600000000036e-01 4.318999222000000415e+00 3.622150299999999934e+00
6.508053379999999555e-01 3.938576015999999846e+00 3.473105873000000177e+00
1.396362149000000219e+00 3.770547006999999784e+00 2.883609432000000083e+00
7.827449170000000400e-01 2.863959471999999895e+00 2.752523717999999953e+00
1.039966235999999933e+00 4.379965515000000309e+00 5.532682140000000359e-01
1.827476056999999932e+00 4.646210334000000053e+00 1.814304399000000068e+00
1.717623138000000216e+00 2.674029721000000137e+00 9.267010599999999654e-01
1.475668444999999940e+00 2.908480507000000159e+00 6.626194010000000523e-01
4.121220829999999724e-01 3.109068796999999940e+00 8.731925200000000276e-01
1.245705571000000011e+00 2.779964150000000078e+00 1.243322390999999971e+00
3.425271610000000244e-01 3.392387618000000327e+00 8.738472320000000293e-01
8.431617719999998650e-01 3.133336925000000051e+00 1.189169785999999895e+00
8.743967969999999479e-01 2.088314283999999965e+00 1.154849287000000002e+00
-7.755676699999999868e-02 2.608333539999999839e+00 6.305517189999999550e-01
3.231872230000000235e-01 2.957899838999999975e+00 4.971951399999999799e-01
1.676263571999999868e+00 3.330988851000000306e+00 1.034007085999999909e+00
4.793369060000000070e-01 2.973203541000000172e+00 4.579204009999999769e-01
4.429215000000000235e-01 3.247702433000000166e+00 1.371449973000000044e+00
1.275917479999999937e+00 2.729917074999999915e+00 1.115223370000000130e-01
1.093623350999999966e+00 2.452444589999999813e+00 6.937339159999998950e-01
7.908119249999998601e-01 2.559256516000000037e+00 6.710823900000000286e-01
1.578576304000000041e+00 3.474380759999999846e+00 4.630761959999999955e-01
1.049251618000000219e+00 2.199974248000000188e+00 3.997511069999999944e-01
9.152933230000002141e-01 2.256806581000000200e+00 6.364437880000000103e-01
1.177247125999999922e+00 2.340501994999999891e+00 5.071547010000000411e-01
1.325705294000000034e+00 2.730599005000000190e+00 1.789237899999999992e-01
1.306364021999999903e+00 3.872864255000000089e+00 6.506029359999999651e-01
7.098831079999999849e-01 2.318163205999999921e+00 9.097898599999999780e-02
1.547415374000000066e+00 3.076853788000000200e+00 5.077886179999999694e-01
5.897878589999999699e-01 2.267849754000000218e+00 3.237269420000000175e-01
1.990545774000000101e+00 2.549532611000000060e+00 6.946819679999999275e-01
1.183846171999999974e+00 1.411676420999999904e+00 5.446475960000000116e-01
3.869847829999999989e-01 2.586380678999999905e+00 1.591455805000000057e+00
1.021697649999999902e+00 9.393635769999998386e-01 1.252482346999999940e+00
1.099113102000000008e+00 2.028662497000000009e+00 1.229815322000000100e+00
1.525524080000000005e-01 1.195311454999999912e+00 1.382626539999999959e+00
1.443108920000000017e+00 2.253833093999999981e+00 7.034103919999999954e-01
5.413629309999999917e-01 1.877539340000000001e+00 3.124955589999999783e-01
1.066619809000000085e+00 3.851703622000000049e+00 7.042291970000000845e-01
1.494845049999999620e-01 3.335674705000000184e+00 1.903276372000000105e+00
5.951862020000000530e-01 3.723191149999999894e+00 8.333250059999999237e-01
8.819492179999999237e-01 3.722923440999999833e+00 1.485218995000000097e+00
9.086791739999999784e-01 4.147126056000000283e+00 7.467765570000000075e-01
1.054878828999999962e+00 3.070576883999999840e+00 1.362760855999999965e+00
5.061778049999999807e-01 3.904866857000000024e+00 1.106207645000000017e+00
9.075579849999999560e-01 2.655828162999999797e+00 7.667117220000000399e-01
1.254884883999999978e+00 2.672070585000000165e+00 1.437536767000000104e+00
1.249000131999999930e+00 3.213269694000000065e+00 8.941578199999999921e-01
1.088829657000000006e+00 3.029751416000000308e+00 1.594896533000000227e+00
1.570681988000000029e+00 3.785257452999999828e+00 2.776108110000000129e-01
-1.073974599999999967e-02 3.719025541000000157e+00 7.865530750000000459e-01
1.149272230999999866e+00 2.308315637999999836e+00 4.918313739999999878e-01
1.482585775999999855e+00 2.126856012999999823e+00 8.941224450000000434e-01
1.377596314999999905e+00 3.172275126000000167e+00 8.080801029999999940e-01
1.119955419000000063e+00 2.425852423999999896e+00 1.017878531000000031e+00
1.813696065000000024e+00 2.592490184999999947e+00 9.401039199999999818e-02
1.742172228999999906e+00 1.120222708000000011e+00 1.267159071000000026e+00
1.349636555999999876e+00 1.151882314999999934e+00 3.381904259999999884e-01
1.847832144999999926e+00 1.917571715000000010e+00 2.050876402000000098e+00
6.784031830000000207e-01 2.212081228000000177e+00 2.133085212000000119e+00
1.260215075000000073e+00 2.109295737000000059e+00 2.223294922000000007e+00
1.115155322999999976e+00 1.635806193000000075e+00 3.190499598000000159e+00
1.483583015000000005e+00 2.428621958999999997e+00 3.762430465000000002e+00
9.369155420000000456e-01 2.210122671999999788e+00 3.842845032000000050e+00
1.555668110999999909e+00 2.706942027999999834e+00 3.688130044999999857e+00
8.220251440000000409e-01 2.381974154999999982e+00 4.026254718999999760e+00
7.493154789999999510e-01 2.998907394000000171e+00 3.499303078000000067e+00
1.526764094000000016e+00 3.682419014000000157e+00 3.360632822999999991e+00
4.191440848000000052e+00 3.964519253999999826e+00 4.310875001000000317e+00
4.028613185000000207e+00 2.597021255000000028e+00 3.877808134999999989e+00
4.271481603999999876e+00 3.480400816000000397e+00 4.426049234999999804e+00
3.645438894000000207e+00 3.213788582999999921e+00 4.715812677999999813e+00
3.535606391000000404e+00 2.688751716000000069e+00 3.528056133999999844e+00
4.020902150999999591e+00 3.160845781000000354e+00 4.616777907000001235e+00
4.825364084999999470e+00 2.736386814999999917e+00 4.086770002999999818e+00
4.933207123999999943e+00 3.870665450000000174e+00 3.979853073000000130e+00
3.598556900000000169e+00 3.014074943999999867e+00 4.681196722000000143e+00
2.724422375000000063e+00 3.713358872999999782e+00 4.745677640000000252e+00
1.576413915999999915e+00 1.991265916999999996e+00 4.513936498999999714e+00
2.421376361000000088e+00 3.036776483000000137e+00 2.038217914000000075e+00
1.789784038999999938e+00 3.520268446999999856e+00 2.175369868000000206e+00
3.317315841000000098e+00 2.274582204000000107e+00 2.344914569999999809e+00
2.127867496999999997e+00 1.663631923999999929e+00 1.992382555000000055e+00
2.748195599000000211e+00 4.531097739999999874e+00 1.496595600000000026e+00
2.771830425000000098e+00 3.230840673999999968e+00 1.643748851999999872e+00
3.207484743999999832e+00 2.811850150999999798e+00 1.380085495999999967e+00
1.990433139999999934e+00 2.943518441000000152e+00 1.301653809000000050e+00
2.978393415000000211e+00 2.649450945999999973e+00 1.642847858000000105e+00
3.488199282000000068e+00 2.956158128000000218e+00 1.834838524000000026e+00
3.193854991999999893e+00 2.823511267000000213e+00 1.640910590999999918e+00
2.596257345000000161e+00 3.508161589000000191e+00 1.954756332999999957e+00
3.694319227999999899e+00 3.295322473999999779e+00 3.187735992999999990e+00
3.189133218999999908e+00 2.425655471999999868e+00 1.230879770999999900e+00
3.423696661999999780e+00 2.930541698999999944e+00 3.207173466000000417e+00
2.936425380999999835e+00 2.980663476000000145e+00 2.221883376000000077e+00
1.811430832999999962e+00 2.883213181999999986e+00 3.218798293000000310e+00
2.921551244000000214e+00 3.014214845000000143e+00 2.560691323999999991e+00
2.020772351999999827e+00 2.362999573999999825e+00 1.997197566000000091e+00
2.501546928999999864e+00 3.419591022000000091e+00 8.591723729999999337e-01
2.524318694999999835e+00 2.660843208000000182e+00 1.008629503999999955e+00
3.402051841000000021e+00 3.252923453999999825e+00 6.835517590000000920e-01
3.198476744000000149e+00 2.424732942999999974e+00 6.082888989999999385e-01
3.118206799999999834e+00 4.001889027999999904e+00 1.476083070999999913e+00
3.222238135000000003e+00 2.928952064999999827e+00 8.901344860000000025e-01
2.826584492999999920e+00 2.876207458000000106e+00 1.688125338000000086e+00
2.746229608000000155e+00 1.600820262999999910e+00 6.173973480000000125e-01
2.836401781000000177e+00 2.718518537000000013e+00 4.121712249999999744e-01
2.665702194000000080e+00 2.974839803000000060e+00 5.469616729999999816e-01
2.100458614999999973e+00 3.352006196000000049e+00 1.575986316999999914e+00
3.190412316000000192e+00 2.346308479999999808e+00 1.702955710000000067e-01
2.840350817000000028e+00 3.200334402999999828e+00 1.401233442000000107e+00
2.979303724000000209e+00 1.980899479999999935e+00 1.573042226999999960e+00
3.197327608000000154e+00 3.211548055999999818e+00 7.699781089999999661e-01
3.144423757000000208e+00 2.817789218999999790e+00 1.317558832999999874e+00
3.585863847000000160e+00 1.852045262000000081e+00 1.613658685000000093e+00
3.625364778999999871e+00 2.352521034000000011e+00 2.252001549000000047e+00
2.873780988000000036e+00 1.543342486999999874e+00 1.759544710999999984e+00
2.149499324000000211e+00 2.389748468000000070e+00 2.995707976999999911e+00
2.947687128000000101e+00 2.344468145000000003e+00 2.029813787000000147e+00
2.563103517000000053e+00 1.865564248000000092e+00 2.341870318999999867e+00
3.271350640000000087e+00 1.671332929999999939e+00 1.476141596999999805e+00
3.583186759000000166e+00 2.824610027999999939e+00 1.842397594999999999e+00
2.976693125999999801e+00 1.533501746999999860e+00 1.712199202999999947e+00
2.762607016000000026e+00 1.741767309999999958e+00 2.684122476999999840e+00
2.945633601000000379e+00 2.312682383999999924e+00 1.553190905999999982e+00
3.786918099000000204e+00 2.206098684000000087e+00 1.961148254000000035e+00
3.552908151000000458e+00 2.470812232000000108e+00 2.002524651999999961e+00
2.268488421999999893e+00 1.640706715999999954e+00 1.547075975000000048e+00
3.535977830000000210e+00 3.114543721000000431e+00 1.701311883000000025e+00
2.754430315000000018e+00 2.146783468000000195e+00 3.580987149999999897e+00
2.881692650999999827e+00 2.374795734000000103e+00 2.907017397000000170e+00
3.531539571999999794e+00 1.900548453999999943e+00 1.273369980999999873e+00
3.499394246000000042e+00 1.398913250999999969e+00 1.340344514999999959e+00
2.864062455000000007e+00 1.120892315999999944e+00 1.678886856999999955e+00
2.645491089000000073e+00 2.858381873999999545e+00 1.489202383999999935e+00
2.752324531000000185e+00 2.860050611000000131e+00 2.989546235000000163e+00
3.479080039999999929e+00 3.463598546000000056e+00 1.544824948999999892e+00
3.827271203000000011e+00 2.965379428999999956e+00 2.091133267000000018e+00
3.433095933999999794e+00 3.121708013000000115e+00 2.126135206999999916e+00
3.190729226000000196e+00 3.520562255999999834e+00 1.900631906000000093e+00
2.462671015999999824e+00 2.377097517999999798e+00 2.228319798999999879e+00
3.329971138000000330e+00 3.132368596000000061e+00 2.440866016999999832e+00
3.826889587999999787e+00 3.564182592999999954e+00 2.512406434999999938e+00
2.729166963999999584e+00 2.214756791000000113e+00 2.627843931000000133e+00
3.035585311000000175e+00 4.597481316000000540e+00 2.207079942000000017e+00
3.086198082000000120e+00 4.184195253999999586e+00 1.489264471000000034e+00
2.820803407000000096e+00 3.827109295000000078e+00 2.347529678999999980e+00
3.291230249999999913e+00 4.489482439999999741e+00 2.828679202000000004e+00
3.417702953000000043e+00 3.366278881000000389e+00 1.516911546999999860e+00
2.721744070000000182e+00 1.116030652999999928e+00 2.613040831000000175e+00
3.423114321000000349e+00 1.369070980000000048e+00 1.644390521999999910e+00
3.143619128000000096e+00 2.033528544000000160e+00 1.861283833999999970e+00
2.484321024000000211e+00 2.209883569999999964e-01 2.094071228999999867e+00
3.425155708000000132e+00 8.030115809999999188e-01 2.261818408999999974e+00
3.836565640999999971e+00 1.306328705000000090e+00 2.481606569999999845e+00
2.607886224000000031e+00 1.333465359000000072e+00 1.845421844999999950e+00
3.471981863000000335e+00 1.426846370000000030e+00 1.031365215999999974e+00
2.055396448999999848e+00 1.207835433999999930e+00 1.437323539999999955e+00
2.876191824000000175e+00 2.903213530000000042e-01 2.782194951000000138e+00
2.527979646999999996e+00 4.463243699000000397e+00 3.753394489999999806e+00
4.323507948999999684e+00 3.803020223999999949e+00 3.243538222999999832e+00
3.030043002000000207e+00 4.294814587000000294e+00 2.078356612999999964e+00
2.858194736999999819e+00 4.344688017000000180e+00 1.731859484999999976e+00
2.450631492999999939e+00 3.702244313000000009e+00 2.260640360000000015e+00
2.398845452000000211e+00 3.474283982000000215e+00 1.338095405999999876e+00
2.752318688999999541e+00 4.106371620000000000e+00 2.219254528000000004e+00
3.669421908999999982e+00 3.966584189000000205e+00 1.950499699999999947e+00
3.291089418000000322e+00 3.051652588000000055e+00 2.143133852000000061e+00
3.130247336000000047e+00 3.430020566000000048e+00 2.352303894999999923e+00
3.515964294999999851e+00 3.828412369000000037e+00 1.845261261999999958e+00
2.641212293000000155e+00 4.018316754999999851e+00 2.265287235999999815e+00
3.714509400999999933e+00 2.827010608000000147e+00 1.565541580000000099e+00
2.749338596999999940e+00 2.550817471999999864e+00 1.950216106000000060e+00
3.048763462000000146e+00 3.027692689999999853e+00 2.160105096000000113e+00
3.105666338999999887e+00 2.963822550999999805e+00 2.548023704999999861e+00
3.760099535000000159e+00 2.537759567999999799e+00 2.144086622000000109e+00
3.090127321999999843e+00 3.354999985000000073e+00 2.218553008000000215e+00
2.929149932000000067e+00 3.585348509000000128e+00 2.910823269999999852e+00
2.236995521999999958e+00 2.595856990000000142e+00 2.010979266000000099e+00
3.847874078999999892e+00 2.845166351000000038e+00 1.800183930999999848e+00
2.434903610000000107e+00 4.094623545000000142e+00 2.199434429000000080e+00
3.183186876000000165e+00 2.523752739999999939e+00 1.581568295000000068e+00
2.439434047000000216e+00 2.752318112000000205e+00 1.652306671999999921e+00
2.972731878999999910e+00 2.988841289999999873e+00 1.968938327999999904e+00
2.595650217000000204e+00 4.102568886000000248e+00 2.009111315999999814e+00
2.287637784000000174e+00 3.645869813000000015e+00 1.996172309000000089e+00
2.100063816000000028e+00 4.439031033000000015e+00 1.916955334000000066e+00
2.544757037000000111e+00 3.923818320000000082e+00 1.557009933000000013e+00
2.154879542999999842e+00 4.280191068999999793e+00 2.931322402000000160e+00
1.004381744000000021e+00 3.261682807000000128e+00 2.887049706000000437e+00
1.970640737000000087e+00 3.768023241999999939e+00 3.686831810000000154e+00
1.617375578999999952e+00 3.862770325000000060e+00 3.175319143999999927e+00
3.348306531000000419e+00 4.837983703000000801e+00 3.464628564999999938e+00
2.399468848999999793e+00 5.265301634000000064e+00 3.336422552999999791e+00
1.827030452000000027e+00 4.060183258000000350e+00 2.529657343999999863e+00
1.026489111999999926e+00 3.753170420000000007e+00 3.081661701999999892e+00
1.860243566999999931e+00 3.467581411999999919e+00 3.001088150999999815e+00
1.292025336000000024e+00 3.858743469000000204e+00 2.440489975999999839e+00
2.293668450999999830e+00 3.770887720000000165e+00 2.208997021000000061e+00
1.630771846999999886e+00 4.310920947999999697e+00 1.835929208000000035e+00
2.182133175999999786e+00 3.985099525999999948e+00 2.257427604000000088e+00
1.381828226999999965e+00 4.478150244000000058e+00 1.959034712000000011e+00
1.364006360999999945e+00 4.145855195000000215e+00 1.103221038999999903e+00
2.217667612000000066e+00 4.654562800999999084e+00 2.159589788999999982e+00
1.854280450999999941e+00 3.748323640999999817e+00 1.369172789000000057e+00
1.959167236999999950e+00 4.049656845000000338e+00 2.128594381000000091e+00
2.930578263000000128e+00 3.939766543999999815e+00 2.074398622999999997e+00
2.091888631999999859e+00 3.754651407999999968e+00 1.413543138999999949e+00
1.927379999000000010e+00 nan 2.073676381999999929e+00
1.981541862000000043e+00 nan 2.249727243999999793e+00
2.020919059000000129e+00 nan 2.681442346999999948e+00
2.456413414000000017e+00 nan 1.912316643999999899e+00
1.531417370999999861e+00 nan 1.138780232000000003e+00
1.738325318000000008e+00 nan 2.282878018999999981e+00
8.182335020000000014e-01 nan 1.705499848999999957e+00
1.674736588000000026e+00 nan 2.101500154000000009e+00
1.761919712999999943e+00 nan 2.967682496000000114e+00
2.644035110999999993e+00 nan 3.565484338000000086e+00
1.907343557999999994e+00 nan 3.356673776000000053e+00
1.904683067999999979e+00 nan 3.593952148000000069e+00
2.618719936999999831e+00 nan 2.302222362000000189e+00
1.932236222000000003e+00 nan 3.680215132999999916e+00
1.665334760999999997e+00 nan 3.510385419999999979e+00
2.541329375000000113e+00 nan 2.829778720999999830e+00
2.063318036000000077e+00 nan 3.156479222000000195e+00
1.793069830000000087e+00 nan 2.784899006999999926e+00
2.440899282000000170e+00 nan 2.353966739000000086e+00
1.507335078000000106e+00 nan 1.714736963000000225e+00
2.409339440000000110e+00 nan 2.296825504000000073e+00
1.985969996999999987e+00 nan 2.839056806999999960e+00
2.289607328999999858e+00 nan 3.311286103000000036e+00
2.136367263999999988e+00 nan 2.798464556999999964e+00
2.200425083999999920e+00 nan 3.038171934999999824e+00
1.974344526000000100e+00 nan 2.831706007999999830e+00
3.011352833000000118e+00 nan 2.771077872000000220e+00
3.515983351000000035e+00 nan 2.142076478999999978e+00
2.571483338999999813e+00 nan 3.278128831000000076e+00
3.021942217999999958e+00 nan 3.676792446999999964e+00
2.739327857000000144e+00 nan 2.813461406000000053e+00
2.642732223000000324e+00 nan 2.963525351000000363e+00
1.840421249000000037e+00 nan 3.271023866000000169e+00
2.068143345999999827e+00 nan 2.787404546999999955e+00
2.277582855999999989e+00 nan 2.728257634000000209e+00
1.625397976999999772e+00 nan 2.691332275999999801e+00
1.809785164000000002e+00 nan 3.290523422000000142e+00
1.448576313000000226e+00 nan 2.316991945999999913e+00
2.318888942000000064e+00 nan 3.865446587000000100e+00
2.182841239000000044e+00 nan 2.420901157999999942e+00
9.378635920000000237e-01 nan 2.853754139999999939e+00
2.496773876999999864e+00 nan 3.527246068000000179e+00
2.268755978000000173e+00 nan 2.845058218000000139e+00
2.223411594999999963e+00 nan 3.083317655000000101e+00
1.735439342999999912e+00 nan 3.197145988999999577e+00
2.195690706999999797e+00 nan 2.886100661000000400e+00
2.124640123999999908e+00 nan 2.829989922000000213e+00
1.441229942999999958e+00 nan 3.442412712999999957e+00
5.850612210000000202e-01 nan 3.245016426999999926e+00
1.239280871999999922e+00 nan 2.924224603999999950e+00
6.661367110000000480e-01 nan 3.410831707999999907e+00
1.090381338999999894e+00 nan 3.185020564000000221e+00
1.560321000999999930e+00 nan 3.164905758999999819e+00
2.169919227999999922e+00 nan 2.850458086000000169e+00
3.955173142000000031e+00 nan 2.678831399999999974e+00
2.993613814999999789e+00 nan 3.289699746000000147e+00
4.475256464000000101e+00 nan 3.983928389999999986e+00
4.106627680999999974e+00 nan 4.149862833000000251e+00
4.352137856000000582e+00 nan 4.428224975000000008e+00
4.642395716999999422e+00 nan 3.660328484999999965e+00
4.092621133999999827e+00 nan 3.997918311999999919e+00
4.585284684000000333e+00 nan 4.333371216000000636e+00
3.091623965999999779e+00 nan 4.111924732000000304e+00
4.858847078999999347e+00 nan 3.175921669000000058e+00
3.687347604999999806e+00 nan 4.082484398000000070e+00
4.247907001999999821e+00 nan 1.082219325000000065e+00
2.645728560999999868e+00 nan 1.193187986999999950e+00
3.014732161000000410e+00 nan 7.229910370000000031e-01
2.439405482000000180e+00 nan 3.256769669999999839e-01
2.731115345000000083e+00 nan 1.520889229000000009e+00
3.224694626999999869e+00 nan 1.613816643000000051e+00
2.449681292999999815e+00 nan -4.480018419999999835e-01
3.175902778999999843e+00 nan -6.392001599999999617e-02
3.127223841000000171e+00 nan 1.492730895999999863e+00
3.539760182000000199e+00 nan 8.701077990000000151e-01
3.440957184000000169e+00 nan 1.041813820999999862e+00
2.829189728999999875e+00 nan 6.925947350000000169e-01
2.776264728000000126e+00 nan 8.079613650000000424e-01
3.269096711000000433e+00 nan 4.330128560000000015e-01
2.270022077000000138e+00 nan 7.633306609999999104e-01
3.727591154999999823e+00 nan 1.368732972999999964e+00
2.530557099999999782e+00 nan 1.732313309999999884e-01
3.303241016999999946e+00 nan 3.462977859999999963e-01
2.978522830000000177e+00 nan 2.191476564999999876e+00
3.659933747999999820e+00 nan 2.070486730999999914e+00
3.047324081000000184e+00 nan 2.182495927000000169e+00
3.538525209999999976e+00 nan 1.978372645999999957e+00
4.234559964999999870e+00 nan 1.902008335999999966e+00
4.019926214999999914e+00 nan 1.710944368000000049e+00
3.479319675999999806e+00 nan 1.899546277000000005e+00
4.225204962000000286e+00 nan 1.828213901000000030e+00
4.271014590000000055e+00 nan 1.745298994999999964e+00
3.783507528999999980e+00 nan 2.046319260999999834e+00
4.815329192000000091e+00 nan 2.569865996999999957e+00
5.084335339999999981e+00 nan 2.099615578000000315e+00
3.891637447999999999e+00 nan 3.637081177000000221e+00
3.773883877999999914e+00 nan 2.888886775000000018e+00
2.970707276999999813e+00 nan 2.861880363000000038e+00
1.044455989999999890e+00 nan 2.791810900999999845e+00
1.703538814999999929e+00 nan 3.577175708999999593e+00
2.614439017000000032e+00 nan 3.234190499999999968e+00
1.978175095999999966e+00 nan 4.091124332999999780e+00
2.018311254999999971e+00 nan 2.994913362000000134e+00
1.876208284999999920e+00 nan 3.392971606999999779e+00
2.104893348000000053e+00 nan 2.369172236999999903e+00
1.611133388999999916e+00 nan 2.960576244999999940e+00
7.068026640000000249e-01 nan 2.200351411999999840e+00
2.031959339000000142e+00 nan 3.513412148000000013e+00
1.827352727000000066e+00 nan 4.109365166999999985e+00
1.113589718000000062e+00 nan 3.279793753000000311e+00
2.198245011000000027e+00 nan 3.116134472000000155e+00
2.737457014999999938e+00 nan 3.594250173999999909e+00
1.714402683000000094e+00 nan nan
1.488620528000000220e+00 nan nan
2.763575029000000072e+00 nan nan
1.323310178999999920e+00 nan nan
1.680567748999999944e+00 nan nan
1.996809226000000104e+00 nan nan
1.896811562999999978e+00 nan nan
1.579237454000000040e+00 nan nan
2.297158827000000070e+00 nan nan
1.423779931999999970e+00 nan nan
3.510834673000000183e+00 nan nan
3.182894639000000137e+00 nan nan
2.034074735999999994e+00 nan nan
1.509347379000000045e+00 nan nan
1.702471250000000103e+00 nan nan
1.612515488000000108e+00 nan nan
2.057554318000000215e+00 nan nan
2.013657201000000008e+00 nan nan
1.739259423000000027e+00 nan nan
1.857900039000000003e+00 nan nan
2.867041169999999806e+00 nan nan
1.971273827000000090e+00 nan nan
1.215911522999999939e+00 nan nan
2.298666159999999792e+00 nan nan
2.310700476000000059e+00 nan nan
2.199376292000000177e+00 nan nan
2.147841711999999958e+00 nan nan
1.735891523999999908e+00 nan nan
2.495121029999999962e+00 nan nan
1.369920613999999981e+00 nan nan
1.512484170000000017e+00 nan nan
1.660529895999999894e+00 nan nan
1.143537350999999980e+00 nan nan
2.357523907000000030e+00 nan nan
2.031960327999999816e+00 nan nan
1.851763121999999928e+00 nan nan
2.663371977999999807e+00 nan nan
1.060251502999999929e+00 nan nan
1.879051876999999982e+00 nan nan
2.059464254999999966e+00 nan nan
2.096401555999999999e+00 nan nan
3.087369001000000335e+00 nan nan
7.318918209999999425e-01 nan nan
1.414882101999999975e+00 nan nan
1.506957661999999809e+00 nan nan
2.114781799000000184e+00 nan nan
1.991256216000000023e+00 nan nan
1.449999245000000103e+00 nan nan
1.892282801999999986e+00 nan nan
1.539999024000000105e+00 nan nan
2.454319466999999921e+00 nan nan
1.063192917999999931e+00 nan nan
1.443254674000000071e+00 nan nan
2.125400366000000041e+00 nan nan
2.339798769000000167e+00 nan nan
1.397137689000000016e+00 nan nan
1.988919600000000010e+00 nan nan
2.954536583000000327e+00 nan nan
2.026104635999999903e+00 nan nan
1.139455861999999930e+00 nan nan
1.827464095999999927e+00 nan nan
1.679344435999999829e+00 nan nan
1.187997203999999973e+00 nan nan
1.977138857999999999e+00 nan nan
2.509094111000000016e+00 nan nan
2.129130501000000120e+00 nan nan
1.688385335999999848e+00 nan nan
1.513787943000000080e+00 nan nan
1.889594532000000049e+00 nan nan
2.814281888000000009e+00 nan nan
2.239156727000000124e+00 nan nan
2.321366465000000101e+00 nan nan
2.965814824999999821e+00 nan nan
2.109517159000000142e+00 nan nan
1.856955445000000093e+00 nan nan
2.481082670999999795e+00 nan nan
2.340383474999999880e+00 nan nan
6.286468259999999919e-01 nan nan
1.081289581999999916e+00 nan nan
6.813293420000000600e-01 nan nan
1.860488262999999920e+00 nan nan
1.280621521000000040e+00 nan nan
1.256137150000000036e+00 nan nan
5.198067700000000291e-02 nan nan
2.035814334999999975e+00 nan nan
5.595557349999999985e-01 nan nan
